       101            0.5000000            0.0000000            0.5098039
       101            1.5000000            0.0000000            0.4782913
       101            2.5000000            0.0002580            0.4731682
       101            3.5000000            0.0247085            0.3028617
       101            4.5000000            0.0924944            0.0669801
       101            5.5000000            0.1006787            0.0039323
       101            6.5000000            0.0881581            0.0000193
       101            7.5000000            0.0727463            0.0000000
       101            8.5000000            0.0591624            0.0000000
       101            9.5000000            0.0436021            0.0000000
       101           10.5000000            0.0288342            0.0000000
       101           11.5000000            0.0165024            0.0000000
       101           12.5000000            0.0071073            0.0000000
       101           13.5000000            0.0027422            0.0000000
       101           14.5000000            0.0008662            0.0000000
       101           15.5000000            0.0001904            0.0000000
       101           16.5000000            0.0000210            0.0000000
       101           17.5000000            0.0000027            0.0000000
       101           18.5000000            0.0000000            0.0000000
       101           19.5000000            0.0000000            0.0000000
       101           20.5000000            0.0000000            0.0000000
       101           21.5000000            0.0000000            0.0000000
       101           22.5000000            0.0000000            0.0000000
       101           23.5000000            0.0000000            0.0000000
       101           24.5000000            0.0000000            0.0000000
       101           25.5000000            0.0000000            0.0000000
